STARLINK-30270
1 56171U 23049AV  23300.50000000  .00002840  00000+0  20279-3 0  9997
2 56171  43.0019 123.4567 0001234  12.3456 347.6543 15.02345678123456
STARLINK-30271
1 56172U 23049AW  23300.51000000  .00002850  00000+0  20289-3 0  9998
2 56172  43.0020 124.5678 0001235  13.4567 346.5432 15.02345679123457
STARLINK-30272
1 56173U 23049AX  23300.52000000  .00002860  00000+0  20299-3 0  9999
2 56173  43.0021 125.6789 0001236  14.5678 345.4321 15.02345680123458
ONEWEB-0001
1 44063U 19018A   23300.50000000  .00000156  00000+0  11234-3 0  9990
2 44063  87.9012 234.5678 0001500  45.6789 314.3210 13.15678901234567
ONEWEB-0002
1 44064U 19018B   23300.51000000  .00000157  00000+0  11235-3 0  9991
2 44064  87.9013 235.6789 0001501  46.7890 313.2109 13.15678902234568
